Packet number,Element 11, Element 12, Element 13, Element 21, Element 22, Element 23, Element 31, Element 32, Element 33
1,-0.2467091,-0.05394378,0.967587,0.3606915,-0.9318264,0.0400167,0.8994644,0.3588729,0.2493471
4,-0.2545236,-0.04799192,0.965875,0.3336986,-0.9417817,0.04114017,0.9076691,0.3327823,0.2557206
7,-0.2486774,-0.02763543,0.968192,0.3092086,-0.9495541,0.05231591,0.917905,0.3123831,0.2446778
10,-0.2318816,0.006213832,0.9727241,0.2970675,-0.9517552,0.07689594,0.926273,0.3067955,0.2188486
13,-0.209624,0.03544836,0.9771392,0.2970858,-0.9497889,0.09818947,0.9315566,0.3108771,0.1885673
16,-0.207774,0.03410919,0.9775819,0.3403866,-0.9344105,0.1049482,0.9170424,0.3545613,0.1825358
19,-0.2312383,-0.001662344,0.9728957,0.414726,-0.9047586,0.09702634,0.8800745,0.4259214,0.2099042
22,-0.2760629,-0.02418358,0.9608353,0.4480399,-0.887661,0.106387,0.8503233,0.4598621,0.2558856
25,-0.3011527,-0.03183351,0.9530445,0.4364366,-0.8932206,0.1080744,0.8478386,0.4484904,0.2828891
28,-0.3018631,-0.03526446,0.9526988,0.4067951,-0.9085388,0.09526337,0.8622044,0.4163097,0.2885997
33,-0.304917,-0.05257108,0.9509269,0.3719639,-0.9257463,0.06809214,0.8767374,0.3744729,0.3018304
36,-0.3119564,-0.06786257,0.9476697,0.326377,-0.944401,0.03980913,0.8922787,0.3217163,0.3167607
39,-0.3115574,-0.04897397,0.9489645,0.2778636,-0.9597151,0.04169746,0.9086934,0.2766738,0.3126145
42,-0.3084182,-0.02047561,0.9510305,0.2394935,-0.9692351,0.05679994,0.9206091,0.2452837,0.3038336
45,-0.2955505,-0.00885199,0.9552861,0.241032,-0.9682977,0.06559895,0.9244207,0.2496423,0.2883145
48,-0.2723947,-0.005098667,0.9621721,0.2758247,-0.9584313,0.07300821,0.9218036,0.2852779,0.2624779
51,-0.2633213,0.001394928,0.9647072,0.3314807,-0.9389817,0.09183694,0.9059705,0.3439644,0.2467916
54,-0.2810611,0.00913553,0.9596463,0.3743258,-0.9197089,0.1183879,0.8836768,0.3924947,0.2550747
57,-0.3017372,0.02178852,0.9531421,0.374677,-0.9165909,0.1395649,0.8766823,0.3992324,0.2684059
60,-0.3100289,0.01406631,0.9506231,0.369529,-0.9194889,0.1341209,0.875974,0.3928641,0.2798702
63,-0.3115977,-0.007458551,0.9501849,0.3614334,-0.9257361,0.1112596,0.8787906,0.3780967,0.2911532
66,-0.3227383,-0.03234649,0.9459353,0.344122,-0.9350299,0.08543545,0.8817142,0.3530905,0.312901
69,-0.3328373,-0.0451427,0.9419031,0.3011794,-0.9516261,0.0608181,0.8935941,0.3039243,0.3303327
72,-0.3313702,-0.01490186,0.9433831,0.2487374,-0.9658827,0.07211355,0.9101228,0.2585509,0.3237714
75,-0.326558,0.0203579,0.9449579,0.2182554,-0.9711241,0.09634622,0.9196328,0.2377048,0.3126853
78,-0.3186905,0.03003602,0.9473828,0.2387327,-0.9647328,0.1108935,0.9173021,0.2615119,0.3002806
82,-0.3167937,0.03571275,0.9478219,0.2845638,-0.9496791,0.1308934,0.9048012,0.311182,0.2906897
85,-0.3279304,0.03527588,0.944043,0.3221942,-0.9352119,0.1468658,0.8880612,0.352327,0.2953188
88,-0.3374788,0.04748701,0.9401346,0.3196944,-0.9335837,0.1619164,0.8853832,0.3551991,0.2998833
91,-0.3369552,0.04489007,0.9404499,0.3076522,-0.9387826,0.1550396,0.8898378,0.3415729,0.3025171
94,-0.3322959,0.0260156,0.9428163,0.3028308,-0.9437502,0.1327742,0.8932373,0.3296342,0.305726
97,-0.3308262,0.001556703,0.9436904,0.298574,-0.9484555,0.1062346,0.8952137,0.3169067,0.313309
100,-0.3282434,-0.0160606,0.9444568,0.2932869,-0.952172,0.08573931,0.8979083,0.3051401,0.3172548
103,-0.3289294,-0.02115374,0.9441175,0.2891917,-0.9539744,0.07937946,0.8989847,0.2991412,0.3199077
106,-0.3313533,-0.02419423,0.9431964,0.2946672,-0.9523213,0.07909087,0.8963125,0.3041361,0.3226839
109,-0.3318716,-0.03324677,0.9427385,0.3145177,-0.9460946,0.07735433,0.889348,0.3221797,0.3244387
112,-0.3313085,-0.0432444,0.942531,0.3386188,-0.9378495,0.07599806,0.8806657,0.3443375,0.3253609
115,-0.3335183,-0.05322682,0.9412398,0.3653694,-0.927672,0.07700519,0.8690631,0.3695829,0.3288431
118,-0.3380225,-0.065993,0.9388214,0.3980693,-0.9139404,0.07908075,0.8528081,0.4004471,0.3352021
121,-0.3433332,-0.08333571,0.9355092,0.436054,-0.896341,0.08018585,0.8318529,0.435463,0.3440825
124,-0.348909,-0.1018971,0.9316005,0.4721221,-0.8778217,0.08080729,0.8095451,0.4680235,0.3543878
127,-0.3550528,-0.1210339,0.926978,0.5039744,-0.8599353,0.08075292,0.7873672,0.4958448,0.3663203
132,-0.3608368,-0.1393674,0.922157,0.5321563,-0.8427759,0.08086056,0.7659024,0.5199091,0.3782699
135,-0.3657792,-0.1559864,0.9175368,0.5579959,-0.8257764,0.08206036,0.74488,0.5419978,0.3890915
138,-0.3579605,-0.1802272,0.9161782,0.5900884,-0.8040879,0.07237653,0.7236435,0.5665341,0.3941816
141,-0.3474018,-0.2038884,0.9152822,0.6204796,-0.7818192,0.06134925,0.7030768,0.5892268,0.3981141
144,-0.3459487,-0.2150032,0.913287,0.6371278,-0.768384,0.06045035,0.688758,0.6027932,0.402806
147,-0.3428207,-0.2248447,0.9120958,0.6538246,-0.7542789,0.05980619,0.6745276,0.6168535,0.4055915
150,-0.3403363,-0.2350916,0.9104412,0.6716834,-0.73837,0.06042527,0.6580371,0.6320931,0.4092014
153,-0.3423735,-0.2418777,0.9078962,0.6846611,-0.7259772,0.06477841,0.6434435,0.6437796,0.4141595
156,-0.3464528,-0.2477622,0.9047565,0.6959697,-0.71457,0.07082255,0.6289647,0.6542198,0.4199997
159,-0.3543707,-0.2539629,0.899958,0.7050764,-0.7047442,0.07875869,0.6142383,0.6624489,0.4288039
162,-0.36442,-0.2583046,0.8946937,0.710442,-0.6982599,0.08777923,0.6020551,0.6676165,0.4379704
165,-0.3710029,-0.2633078,0.89052,0.7157543,-0.6920556,0.09356707,0.5916524,0.6721072,0.4452184
168,-0.375387,-0.2703241,0.8865718,0.7206446,-0.6866593,0.09576215,0.582886,0.674851,0.4525706
171,-0.3799715,-0.2771919,0.8824887,0.7237698,-0.6831838,0.09704255,0.5760026,0.6755921,0.4602136
174,-0.3865165,-0.2826929,0.8778894,0.7245852,-0.6819775,0.09941336,0.5705973,0.6745306,0.4684306
177,-0.3938172,-0.2896606,0.8723558,0.7259821,-0.6801211,0.1019079,0.5637889,0.6734478,0.4781318
181,-0.3931993,-0.3015331,0.8686035,0.7355763,-0.6699598,0.100406,0.5516537,0.6784037,0.4852282
184,-0.3948361,-0.309193,0.8651614,0.7404359,-0.6645854,0.1004041,0.5439294,0.6802397,0.49134
187,-0.4001592,-0.3123691,0.8615673,0.7377731,-0.6675027,0.1006531,0.5436575,0.6759184,0.4975648
190,-0.405791,-0.3170092,0.8572274,0.7337841,-0.6721624,0.09878518,0.5448803,0.669106,0.5053738
193,-0.4062767,-0.3245733,0.8541611,0.7340617,-0.6726056,0.09356821,0.5441439,0.6650217,0.5115207
196,-0.3986563,-0.3364007,0.8531752,0.7436917,-0.662955,0.08610062,0.5366525,0.6688238,0.5144697
199,-0.4030886,-0.340773,0.8493488,0.7435099,-0.6630643,0.08682651,0.5335847,0.6664979,0.5206418
202,-0.4136026,-0.3395182,0.8447841,0.7365041,-0.6702549,0.09121408,0.5352519,0.6599134,0.5272756
205,-0.4176116,-0.3429721,0.84141,0.7410071,-0.6644641,0.09693316,0.5258414,0.6639711,0.5316328
208,-0.4185518,-0.3501493,0.8379796,0.7504752,-0.6529804,0.1019979,0.5114698,0.6715743,0.5360845
211,-0.4209492,-0.3566802,0.834015,0.7589611,-0.6420341,0.1084911,0.4967695,0.6786541,0.5409701
214,-0.4285803,-0.3612853,0.8281255,0.76365,-0.6346973,0.1183137,0.482864,0.6831049,0.5479143
217,-0.4418662,-0.3583436,0.8224015,0.7595397,-0.6372514,0.1304229,0.4773403,0.682276,0.5537562
220,-0.4550133,-0.3507488,0.8184975,0.7512715,-0.6446723,0.1413815,0.4780733,0.6792443,0.5568421
223,-0.4647347,-0.3442859,0.815775,0.7457045,-0.6489558,0.1509343,0.4774373,0.6784716,0.5583278
226,-0.4709249,-0.3432013,0.8126762,0.7439657,-0.6495622,0.1567924,0.4740724,0.6784407,0.561225
231,-0.4762478,-0.3382535,0.8116481,0.7391611,-0.6539592,0.1611781,0.4762657,0.6766993,0.5614704
234,-0.483963,-0.3272429,0.8115984,0.7301173,-0.6622598,0.1683468,0.4823986,0.6740357,0.5594348
237,-0.4888879,-0.3158527,0.8131579,0.7228661,-0.6684741,0.174949,0.4883169,0.6733347,0.5551282
240,-0.4927484,-0.301128,0.8164073,0.7150172,-0.6748261,0.1826472,0.4959328,0.6737444,0.5478311
243,-0.4942791,-0.2825205,0.8221133,0.7063661,-0.6817583,0.1904011,0.5066904,0.6748243,0.5365419
246,-0.4918732,-0.2627876,0.8300623,0.6983827,-0.6883909,0.1959072,0.5199254,0.6760626,0.5221274
249,-0.484034,-0.2431637,0.8405845,0.692341,-0.6938893,0.1979431,0.53514,0.6777824,0.504218
252,-0.472493,-0.2267308,0.851671,0.6889272,-0.6976966,0.1964655,0.5496631,0.6795679,0.4858576
255,-0.4634039,-0.2126634,0.8602506,0.6851119,-0.7016869,0.1955947,0.5620307,0.6800073,0.4708627
258,-0.4561169,-0.2049879,0.8659892,0.6848496,-0.7022523,0.1944807,0.5682767,0.6817784,0.460695
261,-0.4521071,-0.2044368,0.8682193,0.6878745,-0.6995696,0.1934709,0.5678272,0.6846955,0.456907
264,-0.4517215,-0.2067182,0.8678797,0.6906049,-0.696876,0.1934648,0.5648119,0.6867542,0.4575546
267,-0.4618977,-0.2188756,0.8595023,0.6968093,-0.6891025,0.1989837,0.5487325,0.6908192,0.4708095
270,-0.47045,-0.23333,0.8510193,0.7036756,-0.681129,0.2022473,0.5324636,0.6939887,0.4846258
273,-0.4786055,-0.2501541,0.8416411,0.7091642,-0.6753215,0.2025512,0.5177093,0.6938038,0.500613
276,-0.4935794,-0.2807327,0.8231456,0.716557,-0.6676498,0.201965,0.4928749,0.6895164,0.5306992
280,-0.5035957,-0.3180584,0.8032623,0.7299742,-0.6539508,0.1987114,0.4620922,0.6864309,0.5615013
283,-0.5038662,-0.3572893,0.7864243,0.7474906,-0.6366109,0.1896953,0.4328701,0.6834258,0.5878372
286,-0.4997385,-0.4038464,0.7662699,0.7677335,-0.616132,0.1759736,0.401057,0.6762318,0.617951
289,-0.4923908,-0.4525413,0.7434767,0.786813,-0.596645,0.1579241,0.3721245,0.6627375,0.6498479
292,-0.4864937,-0.4927423,0.7214769,0.7993035,-0.5844335,0.1398256,0.3527572,0.6447033,0.6781738
295,-0.4814988,-0.5320454,0.6964816,0.810158,-0.5733552,0.1220981,0.3343696,0.6230502,0.7071107
298,-0.4726089,-0.572948,0.6696054,0.8233076,-0.5580633,0.1035853,0.3143332,0.6002465,0.7354582
301,-0.453073,-0.6175132,0.6429636,0.8423883,-0.5325798,0.08210161,0.2917307,0.5788231,0.7614835
304,-0.4246136,-0.6650575,0.6143304,0.8647704,-0.4988441,0.05767789,0.268096,0.5557455,0.7869381
307,-0.3933196,-0.7150161,0.5779721,0.8873681,-0.4597203,0.03514334,0.2405774,0.5266966,0.8152995
310,-0.359563,-0.7653931,0.533749,0.9101926,-0.4137069,0.01990299,0.205582,0.4929707,0.8454088
313,-0.3288661,-0.8093529,0.4866157,0.9295536,-0.368359,0.0155487,0.1666649,0.4574488,0.8734776
316,-0.2940082,-0.8409127,0.4543402,0.9481268,-0.3167132,0.02735607,0.1208915,0.4388151,0.8904082
319,-0.2577315,-0.8668362,0.4268131,0.9634312,-0.2640733,0.04544896,0.07331312,0.4229186,0.903197
322,-0.2252614,-0.8929124,0.3898264,0.9736959,-0.2203852,0.05784976,0.03425719,0.3926037,0.9190693
325,-0.1940678,-0.9161755,0.3506571,0.9809833,-0.1823744,0.06641906,0.003099413,0.3568785,0.9341459
330,-0.1579711,-0.9367951,0.3121859,0.987194,-0.1427207,0.07126532,-0.02220562,0.3194459,0.9473442
333,-0.1383658,-0.9505351,0.2780975,0.9899256,-0.1242203,0.06794766,-0.03004124,0.2846974,0.9581468
336,-0.1309124,-0.9553431,0.2649178,0.9906994,-0.1160634,0.0710201,-0.03710131,0.2717513,0.961652
339,-0.1280838,-0.9543669,0.2697745,0.9906508,-0.1102353,0.08036891,-0.04696277,0.2775463,0.9595637
342,-0.128012,-0.9527276,0.2755414,0.9903721,-0.1080391,0.08654821,-0.05268763,0.2839677,0.9573851
345,-0.1227873,-0.9547725,0.2707999,0.9910323,-0.1034693,0.08455173,-0.05270822,0.2787533,0.9589152
348,-0.1061628,-0.959529,0.2608324,0.9929892,-0.08859235,0.07825575,-0.05198089,0.2673116,0.9622072
351,-0.07533151,-0.9636432,0.2563534,0.9962074,-0.06150367,0.0615487,-0.04354429,0.2600177,0.9646216
354,-0.02827949,-0.9695203,0.2433732,0.9994894,-0.02380359,0.02131289,-0.01487014,0.2438516,0.9696984
357,-0.007385032,-0.9723015,0.2336136,0.99995,-0.005602038,0.008294867,-0.006756384,0.2336632,0.9722943
360,0.01677933,-0.979443,0.2010222,0.999854,0.01579035,-0.006522378,0.003214085,0.2011023,0.979565
363,0.04368168,-0.9833443,0.1764249,0.9990436,0.04265288,-0.009621288,0.001936003,0.1766765,0.984267
366,0.06475584,-0.9861194,0.1528895,0.9979009,0.06410414,-0.009193391,-0.0007350662,0.1531639,0.9882005
369,0.08155237,-0.9876049,0.1341116,0.9966691,0.08077033,-0.01127087,0.0002989348,0.1345841,0.9909022
372,0.1043984,-0.9881052,0.1129125,0.9945281,0.10328,-0.01572536,0.003876717,0.1139363,0.9934806
375,0.1307937,-0.9874089,0.08897513,0.9913468,0.1292477,-0.02294556,0.01115682,0.09120635,0.9957694
379,0.1548025,-0.9864885,0.05363345,0.9876636,0.1532337,-0.03224799,0.02359383,0.05796388,0.9980398
382,0.1763237,-0.9840163,0.02493603,0.9837816,0.1753214,-0.03789478,0.03291726,0.03121336,0.9989705
385,0.1954042,-0.9807217,-0.001511671,0.979943,0.1953101,-0.03957238,0.03910473,0.006251256,0.9992157
388,0.2120217,-0.9769739,-0.02384985,0.9762852,0.2128386,-0.03958583,0.04375049,-0.0148912,0.9989315
391,0.2282748,-0.9727331,-0.04099822,0.9724652,0.2298369,-0.03855523,0.04692685,-0.03106816,0.9984151
394,0.2509023,-0.9662572,-0.05826848,0.9668505,0.2530951,-0.03380838,0.04741505,-0.04785431,0.9977283
397,0.270497,-0.9597495,-0.07558184,0.9613573,0.2734573,-0.03183594,0.05122292,-0.06404962,0.9966314
400,0.2846568,-0.9539998,-0.09410009,0.956713,0.2889197,-0.03500958,0.06058649,-0.08006106,0.994947
403,0.291203,-0.9503226,-0.1099446,0.9540955,0.2969091,-0.03932838,0.07001821,-0.09344515,0.9931594
406,0.2981905,-0.9464061,-0.1240888,0.9512855,0.3053331,-0.04275014,0.07834741,-0.1052962,0.9913499
409,0.3060907,-0.9422162,-0.1361506,0.948156,0.314563,-0.0452778,0.08548944,-0.1152329,0.9896528
412,0.3136566,-0.938341,-0.1453814,0.9450423,0.3233701,-0.0482364,0.09227419,-0.1222619,0.9881991
415,0.3231636,-0.9336818,-0.1542848,0.9412699,0.3339895,-0.049621,0.09785973,-0.1291879,0.9867797
418,0.3289672,-0.930459,-0.1613279,0.9388131,0.3406919,-0.05058758,0.1020328,-0.1348151,0.9856035
421,0.3366398,-0.9263619,-0.1689004,0.9355898,0.3493442,-0.05128661,0.1065143,-0.1407564,0.9842979
424,0.3472656,-0.9206981,-0.1781054,0.931086,0.3611462,-0.05150014,0.1117382,-0.1479472,0.9826627
429,0.3569392,-0.9152367,-0.1869125,0.926726,0.3720885,-0.05223919,0.1173592,-0.1545705,0.9809866
432,0.3655947,-0.9103746,-0.1938011,0.9227789,0.3817429,-0.05245596,0.1217367,-0.1596579,0.9796376
435,0.3738989,-0.9061766,-0.197595,0.9190933,0.390584,-0.05207684,0.1243682,-0.1621367,0.9788997
438,0.3813877,-0.9025972,-0.1996534,0.9158118,0.3983181,-0.05129617,0.1258254,-0.1632812,0.978523
441,0.3906552,-0.8989608,-0.1981365,0.912058,0.4071315,-0.0489311,0.1246547,-0.1615968,0.9789524
444,0.4044116,-0.8934351,-0.1955125,0.9063339,0.420139,-0.04518916,0.122516,-0.1589246,0.9796596
447,0.4244889,-0.8843616,-0.1942007,0.8973785,0.4394672,-0.03975594,0.1205035,-0.1573956,0.980156
450,0.4520061,-0.870599,-0.1942883,0.8842049,0.4660509,-0.03128068,0.1177811,-0.1576516,0.9804457
453,0.4769544,-0.85688,-0.1956306,0.8712084,0.490341,-0.0237014,0.1162349,-0.1591305,0.9803913
456,0.4972132,-0.8454669,-0.1948458,0.8600431,0.5099078,-0.01788791,0.114477,-0.1586817,0.9806708
459,0.5108863,-0.837373,-0.1944263,0.8518883,0.5234764,-0.01608291,0.115245,-0.157413,0.9807852
462,0.515331,-0.8348142,-0.1936981,0.8490286,0.5280703,-0.01708695,0.1165507,-0.1556498,0.9809122
465,0.5179335,-0.8339579,-0.1904189,0.8474218,0.5305876,-0.0187985,0.1167111,-0.1516288,0.981523
468,0.522068,-0.8317634,-0.1887188,0.8445963,0.5349763,-0.02139142,0.1187527,-0.1482234,0.9817982
471,0.530309,-0.8270941,-0.1862466,0.8391699,0.5433586,-0.02356742,0.1206911,-0.1437945,0.9822204
474,0.5402974,-0.8212925,-0.1831863,0.8324416,0.5534899,-0.02626288,0.1229613,-0.1383021,0.9827272
478,0.5465927,-0.8181728,-0.1784096,0.8284111,0.5594423,-0.0275602,0.1223589,-0.1327323,0.9835703
481,0.5524448,-0.8146889,-0.1763148,0.8246679,0.5649874,-0.02668783,0.1213579,-0.1306576,0.983972
484,0.5548843,-0.8127023,-0.1778147,0.8233107,0.56713,-0.02286472,0.1194263,-0.1337095,0.9837981
487,0.5572768,-0.8107462,-0.179257,0.8222123,0.5689257,-0.01703963,0.1157987,-0.1378915,0.9836547
490,0.5603237,-0.808628,-0.1793271,0.8205186,0.5714697,-0.01310643,0.1130782,-0.1397974,0.9837022
493,0.5609379,-0.8087866,-0.1766726,0.8204516,0.5715954,-0.01175221,0.1104902,-0.138359,0.9841996
496,0.5578309,-0.8116137,-0.1735155,0.8230295,0.5679029,-0.01041133,0.1069899,-0.1370006,0.984776
499,0.5533247,-0.8153433,-0.1704317,0.8268564,0.5623814,-0.005948713,0.1006979,-0.137631,0.9853514
502,0.5497469,-0.8185194,-0.1667467,0.8302886,0.5573314,0.001571439,0.09164695,-0.1393118,0.9859986
505,0.5510731,-0.8179169,-0.1653189,0.8303618,0.5571027,0.01165197,0.08256928,-0.1436956,0.9861713
508,0.5561031,-0.8139891,-0.1678425,0.8278134,0.560461,0.02466846,0.07398929,-0.1526604,0.9855052
511,0.5642508,-0.8067398,-0.1754763,0.8228747,0.5668026,0.04015093,0.06706902,-0.1670502,0.9836646
514,0.571669,-0.7990828,-0.1861762,0.8176267,0.5737405,0.04804959,0.06842118,-0.179691,0.9813409
517,0.5731457,-0.7966771,-0.1918582,0.815305,0.5779234,0.03580918,0.08235102,-0.1769469,0.9807691
520,0.5647773,-0.8033005,-0.1890369,0.8181617,0.5749873,0.001013723,0.1078795,-0.1552353,0.9819695
523,0.5502591,-0.8145888,-0.1834667,0.822474,0.5666698,-0.04921339,0.1440537,-0.1238165,0.9817933
528,0.53534,-0.8252476,-0.1799368,0.8236571,0.5572453,-0.1051971,0.1870827,-0.09189001,0.9780368
531,0.5230824,-0.8332748,-0.1789908,0.8200692,0.5492802,-0.1605539,0.2321017,-0.06280193,0.9706619
534,0.5144454,-0.8386194,-0.1790628,0.8117783,0.5435567,-0.2134531,0.2763367,-0.03554936,0.9604033
537,0.5076204,-0.8428066,-0.1788806,0.8015646,0.5381024,-0.2606525,0.3159358,-0.01107178,0.9487158
540,0.5001752,-0.8475396,-0.1774867,0.7930198,0.5306576,-0.2992028,0.3477709,0.00890332,0.9375374
543,0.4898245,-0.854493,-0.1729565,0.7892103,0.5188898,-0.3284823,0.3704312,0.02439957,0.9285395
546,0.47523,-0.8648257,-0.1619653,0.791758,0.5006251,-0.3499906,0.3837648,0.03808876,0.9226448
549,0.4568834,-0.8778055,-0.1439281,0.8014362,0.4764174,-0.3615612,0.3859503,0.0498421,0.9211723
552,0.4407189,-0.8890654,-0.1238132,0.8145666,0.4540607,-0.3609853,0.3771582,0.05823893,0.924316
555,0.4290425,-0.8970232,-0.1061699,0.828356,0.4375968,-0.349765,0.3602069,0.06211755,0.9308021
558,0.4186711,-0.9036241,-0.09043253,0.844256,0.4239737,-0.3278386,0.3345839,0.06090835,0.9403957
561,0.4096764,-0.9091457,-0.07496121,0.861617,0.4126285,-0.2955564,0.299635,0.05649465,0.9523796
564,0.4057797,-0.912038,-0.05941075,0.8776481,0.4069723,-0.2531941,0.2551011,0.05059928,0.9655895
567,0.4099656,-0.9107339,-0.04992003,0.888739,0.4111741,-0.2026795,0.2051129,0.03872573,0.977972
570,0.4272184,-0.9023333,-0.05726419,0.890701,0.4309021,-0.144828,0.1553584,0.01086791,0.9877984
573,0.4513334,-0.8886422,-0.08132125,0.8844454,0.4575783,-0.09153356,0.1185514,-0.03061204,0.9924759
577,0.4706096,-0.8760103,-0.1055116,0.8761378,0.4781031,-0.06164595,0.1044479,-0.0634315,0.9925056
580,0.4775459,-0.8704104,-0.119732,0.871209,0.4867544,-0.06375764,0.1137754,-0.07386436,0.990757
583,0.4763818,-0.8703851,-0.1244586,0.8684245,0.4879174,-0.08817662,0.1374731,-0.06607712,0.9882988
586,0.4733061,-0.8718892,-0.1256606,0.8643456,0.4871867,-0.1247231,0.1699649,-0.04958193,0.984202
589,0.4734957,-0.871418,-0.1281891,0.8565161,0.4894771,-0.1636836,0.2053824,-0.03229253,0.9781488
592,0.4778413,-0.8681415,-0.1341568,0.8448889,0.4960043,-0.2003562,0.2404799,-0.01760915,0.9704944
595,0.4827215,-0.8651579,-0.1359485,0.8340841,0.5014938,-0.2297999,0.2669905,-0.00246318,0.9636962
598,0.4847657,-0.8651721,-0.1283718,0.8282316,0.5012462,-0.2505688,0.2811311,0.01514558,0.9595498
601,0.4821903,-0.8689858,-0.1111585,0.8290677,0.4936345,-0.2626246,0.2830887,0.03447709,0.9584738
604,0.4758069,-0.8752781,-0.08657993,0.836065,0.480655,-0.264511,0.2731358,0.05346972,0.9604883
607,0.468656,-0.881337,-0.06005463,0.8465925,0.4675143,-0.2543842,0.2522746,0.06837688,0.9652368
610,0.4611985,-0.8866152,-0.03477709,0.8595158,0.456146,-0.230572,0.2202921,0.07644801,0.9724336
613,0.4576681,-0.8890371,-0.01237227,0.8714923,0.4513067,-0.1918947,0.1761852,0.07704175,0.9813375
616,0.4601858,-0.8878182,0.002802361,0.8788992,0.4551119,-0.142861,0.1255592,0.06820561,0.9897387
619,0.4657529,-0.8848456,0.01107014,0.8816088,0.4628963,-0.09215734,0.07642069,0.05268209,0.995683
622,0.4751047,-0.8798703,0.0101865,0.8791903,0.4741996,-0.04646761,0.03605504,0.03103285,0.9988679
627,0.4880216,-0.8728317,0.0001579191,0.8726926,0.4879405,-0.01794121,0.0155826,0.008893508,0.9998392
630,0.4984015,-0.8668873,-0.01011167,0.8667229,0.4985039,-0.01688657,0.01967946,-0.0003477228,0.9998062
633,0.500956,-0.8653495,-0.01459923,0.8644503,0.5011127,-0.04014622,0.04205637,0.007491179,0.9990871
636,0.4994134,-0.8662006,-0.01682358,0.8631417,0.4991354,-0.07648882,0.0746519,0.02367841,0.9969286
639,0.5001137,-0.8656453,-0.02333139,0.858761,0.499243,-0.1152642,0.1114259,0.0376091,0.9930608
642,0.5043927,-0.8628023,-0.03406389,0.8504136,0.5032122,-0.1535401,0.1496161,0.04847609,0.9875552
645,0.5077215,-0.8604201,-0.04354434,0.8413406,0.5060703,-0.189839,0.1853778,0.05974973,0.9808491
648,0.5092992,-0.8593343,-0.04646382,0.8343233,0.5062718,-0.2181592,0.210995,0.07234247,0.9748065
651,0.509513,-0.8594379,-0.04198464,0.8304866,0.5039439,-0.2373444,0.2251407,0.08606239,0.9705178
654,0.5050365,-0.8626446,-0.02797457,0.8325171,0.4954376,-0.2479052,0.2277137,0.1019119,0.9683804
657,0.4979704,-0.8671764,-0.005521258,0.8394223,0.4836116,-0.2479715,0.2177051,0.1188478,0.9687514
660,0.4901249,-0.8714328,0.01954987,0.849114,0.4722645,-0.2365829,0.1969334,0.1325553,0.9714144
663,0.4842239,-0.8737727,0.04525911,0.8593671,0.465249,-0.2122064,0.1643634,0.1416496,0.9761763
666,0.4844537,-0.8721315,0.06849195,0.866576,0.467696,-0.1740877,0.1197939,0.1436909,0.9823452
669,0.4878531,-0.8685989,0.08680657,0.869786,0.4752619,-0.13266,0.0739725,0.1402217,0.9873531
672,0.4919791,-0.8645922,0.1021624,0.8700526,0.4840813,-0.09313373,0.0310678,0.1347065,0.9903985
676,0.4960015,-0.8607677,0.1142869,0.8683029,0.492542,-0.05875818,-0.005713976,0.1283798,0.9917086
679,0.5029041,-0.8556352,0.122376,0.8636679,0.5030413,-0.03205076,-0.0341364,0.1218106,0.9919662
682,0.5115711,-0.8497974,0.1270421,0.8576532,0.5139982,-0.01539873,-0.0522136,0.1168356,0.9917779
685,0.5196515,-0.844184,0.131589,0.8521311,0.5232642,-0.008206416,-0.06192809,0.1163956,0.9912704
688,0.5275262,-0.8385921,0.1359398,0.8469888,0.5315546,-0.007733973,-0.06577376,0.1192193,0.990687
691,0.5349891,-0.8333849,0.1387666,0.8422436,0.5390036,-0.0100436,-0.06642552,0.1222485,0.9902741
694,0.5436376,-0.8275532,0.1400498,0.836641,0.5476265,-0.01170691,-0.0670069,0.1235357,0.9900753
697,0.5530465,-0.8212894,0.1400823,0.8303767,0.5570663,-0.01230882,-0.06792603,0.1231284,0.9900632
700,0.5626343,-0.8146761,0.1405194,0.8237211,0.5668764,-0.0116222,-0.0701888,0.1222879,0.9900098
703,0.5733702,-0.8068919,0.142028,0.8158802,0.5781487,-0.009138413,-0.0747396,0.1211175,0.9898204
706,0.5852281,-0.7977656,0.1451822,0.8067003,0.5909426,-0.00461516,-0.08211256,0.1198195,0.989394
709,0.5975128,-0.7870709,0.1532893,0.7962329,0.6049843,0.002649937,-0.0948233,0.1204706,0.9881777
712,0.6115175,-0.7731471,0.168196,0.7828165,0.6221059,0.01351657,-0.115086,0.123401,0.9856609
715,0.6285224,-0.7552093,0.1860604,0.7650557,0.6433936,0.02710006,-0.1401763,0.1253135,0.9821645
718,0.6516905,-0.7296426,0.207174,0.7393047,0.6720933,0.04146302,-0.1694934,0.1261436,0.977425
721,0.6777911,-0.7003201,0.2239451,0.7092082,0.7030681,0.05214548,-0.1939671,0.1234799,0.9732059
726,0.6948539,-0.6799139,0.2342968,0.6878071,0.7234457,0.05956245,-0.2099984,0.1197638,0.9703387
729,0.7059511,-0.6644299,0.2452866,0.6725064,0.7374767,0.06215159,-0.2221886,0.1210809,0.967456
732,0.7146324,-0.6513232,0.2551056,0.6602935,0.7484989,0.06133751,-0.2308968,0.1246108,0.9649659
735,0.7221466,-0.6405132,0.2612416,0.6501827,0.7574239,0.05976391,-0.2361502,0.1266965,0.9634216
738,0.7275282,-0.6325454,0.2656864,0.643075,0.7636641,0.05719874,-0.239076,0.1292426,0.9623612
741,0.7314834,-0.6259899,0.2703118,0.6379195,0.7682815,0.05293464,-0.2408121,0.1337164,0.9613164
744,0.7361622,-0.6181203,0.2756677,0.631964,0.773576,0.04692265,-0.2422537,0.1396694,0.9601071
747,0.7437488,-0.6060833,0.2819587,0.622467,0.7817048,0.03837141,-0.2436647,0.1469713,0.9586589
750,0.7574719,-0.586053,0.2877117,0.6055545,0.7953828,0.02587997,-0.244008,0.1546218,0.9573672
753,0.7801156,-0.5549394,0.288898,0.5776345,0.816255,0.008135541,-0.2403292,0.1605308,0.9573254
756,0.8067539,-0.5177756,0.2847041,0.5435777,0.8392414,-0.01403086,-0.2316707,0.1660783,0.9585127
759,0.8291991,-0.4851272,0.2776341,0.5132874,0.8575184,-0.03462088,-0.2212808,0.1712137,0.960063
762,0.8447092,-0.4612452,0.2715129,0.4912002,0.869553,-0.0509889,-0.2125765,0.176438,0.9610832
765,0.8553909,-0.443163,0.2681657,0.4751766,0.8774351,-0.06568671,-0.2061881,0.1836139,0.9611307
768,0.8629165,-0.4291065,0.2669132,0.4634909,0.882514,-0.07965693,-0.2013733,0.1924491,0.9604229
771,0.8686572,-0.4173771,0.2668916,0.4543332,0.8859369,-0.09325912,-0.1975249,0.2022679,0.9592037
775,0.8736252,-0.4080502,0.2650926,0.4470479,0.8881966,-0.1060892,-0.1921646,0.2111913,0.958369
778,0.8788286,-0.4018499,0.2572486,0.440838,0.8901166,-0.1155607,-0.1825432,0.214963,0.9594107
781,0.8831931,-0.4002354,0.2445025,0.437605,0.8907728,-0.1225788,-0.1687358,0.2152563,0.9618695
784,0.8856106,-0.4042419,0.2286532,0.4392238,0.8889937,-0.1295094,-0.1509182,0.2151248,0.964855
787,0.8859305,-0.4129579,0.2111715,0.4449119,0.8852955,-0.1352987,-0.1310764,0.2138179,0.9680399
790,0.8840106,-0.4258592,0.1927927,0.4541991,0.8800315,-0.1387357,-0.1105818,0.2102101,0.9713821
793,0.8798196,-0.4427486,0.172891,0.4667565,0.8734939,-0.1383724,-0.08975505,0.2024407,0.9751728
796,0.8719231,-0.4690836,0.1403945,0.4857433,0.8647749,-0.1273493,-0.06167215,0.1792345,0.9818714
799,0.8647006,-0.4885245,0.116777,0.5004306,0.8578715,-0.1167301,-0.04315417,0.1593753,0.9862745
802,0.8627211,-0.4951645,0.1025894,0.5046998,0.8557694,-0.1137404,-0.03147263,0.1499031,0.9881997
805,0.8649547,-0.4936527,0.0903341,0.5013567,0.8579683,-0.1119453,-0.02224169,0.1421172,0.9895999
808,0.8687864,-0.4890458,0.07774585,0.4950007,0.8619952,-0.1092633,-0.0135818,0.1334107,0.9909678
811,0.8730618,-0.483088,0.06624999,0.4875792,0.8664283,-0.1075578,-0.005440967,0.1262068,0.9919891
814,0.8755416,-0.4797742,0.05695448,0.4831314,0.8686041,-0.1100498,0.003328182,0.1238697,0.992293
817,0.877367,-0.4772921,0.04918847,0.4797008,0.8702427,-0.1120938,0.01069556,0.1219431,0.9924795
820,0.8806381,-0.4718981,0.04229757,0.4734874,0.8733717,-0.1141576,0.01692923,0.1205588,0.992562
825,0.8854948,-0.4631996,0.03667957,0.464147,0.8781061,-0.1161792,0.02160559,0.1199007,0.9925509
828,0.8930066,-0.4489518,0.03133677,0.4494057,0.885868,-0.1152077,0.02396246,0.1169641,0.9928472
831,0.9031851,-0.4284412,0.02636487,0.4286143,0.8967956,-0.1097623,0.02338277,0.110436,0.9936082
834,0.9149087,-0.4030355,0.02246155,0.4031067,0.9093221,-0.103142,0.02114511,0.1034199,0.994413
837,0.9284206,-0.3706392,0.02572555,0.3713513,0.9235917,-0.09527085,0.01155121,0.09800463,0.9951189
840,0.945454,-0.3231611,0.04102674,0.3255738,0.9416038,-0.08592785,-0.0108624,0.09459808,0.9954561
843,0.9699466,-0.2339942,0.06671021,0.2385205,0.9685631,-0.07066398,-0.04807809,0.08445205,0.995267
846,0.9839566,-0.1541802,0.08976359,0.1588549,0.9861606,-0.04745593,-0.08120456,0.06095397,0.9948317
849,0.990176,-0.08371284,0.1119988,0.08912422,0.995039,-0.04420692,-0.1077425,0.05375444,0.9927246
852,0.991703,0.01405472,0.1277796,-0.007451013,0.9986187,-0.05201231,-0.1283341,0.05062867,0.9904378
855,0.9830205,0.1227403,0.1364022,-0.1128717,0.9905514,-0.07789715,-0.1446745,0.06117854,0.9875863
858,0.9608712,0.2407562,0.136978,-0.2264933,0.9675719,-0.1118285,-0.1594595,0.07642815,0.9842416
861,0.9249278,0.3564853,0.1320113,-0.3411197,0.931586,-0.1256381,-0.167768,0.07117455,0.9832539
864,0.8772526,0.4612233,0.133045,-0.4528504,0.887099,-0.08934215,-0.1592308,0.01812615,0.987075
867,0.8225353,0.5511788,0.1401343,-0.5532795,0.8325554,-0.02708035,-0.1315957,-0.05525889,0.9897621
870,0.7735311,0.6170818,0.1444281,-0.6272248,0.7780507,0.03501339,-0.09076631,-0.1176729,0.9888955
874,0.7378362,0.658581,0.1478801,-0.6735564,0.732612,0.09798524,-0.04380751,-0.1719027,0.9841393
877,0.7129774,0.6839219,0.1546409,-0.7011836,0.6947492,0.1602028,0.00212953,-0.2226527,0.9748954
880,0.6952577,0.7001112,0.1626682,-0.7176538,0.6636217,0.2111376,0.03986966,-0.2635345,0.9638256
883,0.6829473,0.7104398,0.1698775,-0.7275521,0.6408135,0.2450021,0.06519947,-0.2909183,0.9545238
886,0.6762807,0.7154552,0.1754087,-0.7326342,0.6284418,0.2613579,0.07675569,-0.3052617,0.9491701
889,0.6738099,0.7167536,0.1795669,-0.7348167,0.6244669,0.2647364,0.07761718,-0.3103308,0.9474546
892,0.6742957,0.715732,0.181805,-0.7347917,0.6257798,0.2616885,0.07352896,-0.3100443,0.9478745
895,0.6778752,0.7124921,0.1812198,-0.7318879,0.630727,0.2579224,0.06946744,-0.3074717,0.9490184
898,0.6853396,0.7056499,0.1799114,-0.7251346,0.6385463,0.2577569,0.06700435,-0.307111,0.9493122
901,0.6961079,0.6954116,0.178428,-0.7149531,0.6488286,0.2605062,0.06538986,-0.3089081,0.9488413
904,0.7093771,0.6825944,0.1756391,-0.7019736,0.6618062,0.2631458,0.06338284,-0.3099636,0.9486334
907,0.7251295,0.6670319,0.1710435,-0.6860109,0.6781787,0.2635583,0.05980377,-0.3084516,0.9493585
910,0.7402202,0.6528218,0.1609272,-0.6701075,0.6966989,0.2560593,0.05504327,-0.2973789,0.9531715
913,0.756859,0.6360351,0.1504127,-0.6515177,0.7159609,0.2508482,0.05185867,-0.2878532,0.9562696
916,0.7767214,0.6138225,0.1411584,-0.6277548,0.7362126,0.2528138,0.05126015,-0.2849787,0.9571621
919,0.7971181,0.5893335,0.1314875,-0.60176,0.7573432,0.2536063,0.04987749,-0.2812781,0.9583293
924,0.818926,0.5610659,0.1206866,-0.5717273,0.7793067,0.2565325,0.04987979,-0.279081,0.9589712
927,0.8407449,0.5302078,0.1096721,-0.5388792,0.7997894,0.264474,0.0525116,-0.2814551,0.9581367
930,0.861558,0.4979782,0.09866819,-0.5043034,0.817232,0.2789443,0.05827338,-0.2900854,0.9552249
933,0.8810707,0.4648157,0.08752526,-0.468592,0.8326526,0.2951458,0.06431025,-0.301058,0.9514349
936,0.8985708,0.4320068,0.07707699,-0.4333394,0.8458412,0.3110784,0.06919309,-0.3129264,0.9472537
939,0.9141653,0.399814,0.06671169,-0.3986114,0.8568616,0.3269513,0.07355702,-0.3254796,0.9426836
942,0.9269969,0.3706265,0.05755359,-0.3669908,0.8646153,0.3431588,0.07742207,-0.3392289,0.9375123
945,0.9375059,0.3443874,0.04979657,-0.3386759,0.8702245,0.3577814,0.07988121,-0.3522871,0.9324765
948,0.9459615,0.3214462,0.04277153,-0.3138591,0.8743985,0.3700269,0.08154436,-0.3634554,0.928036
951,0.9529628,0.3007974,0.03718641,-0.2918058,0.8773971,0.3808199,0.08192237,-0.3737584,0.9239012
954,0.9589106,0.2818101,0.03276112,-0.2718039,0.8794314,0.3907976,0.08131959,-0.3836446,0.9198933
957,0.9639755,0.2643026,0.02991903,-0.2538502,0.8805449,0.4002507,0.07944223,-0.3934268,0.9159171
960,0.9685566,0.2472854,0.02734431,-0.2364642,0.8808157,0.4101807,0.07734642,-0.4037492,0.9115942
963,0.972606,0.2311547,0.02460185,-0.2195619,0.8787179,0.4238486,0.07635649,-0.4176393,0.905399
966,0.9762982,0.2154159,0.02092721,-0.2024443,0.8747361,0.4402875,0.07653914,-0.4340885,0.8976129
969,0.9797249,0.1995504,0.0178478,-0.1856134,0.8705363,0.4557563,0.07540919,-0.4498287,0.8899255
973,0.98298,0.1830747,0.01530048,-0.1686248,0.8660609,0.4706423,0.07291153,-0.465212,0.8821914
976,0.9856137,0.1684217,0.01412668,-0.1541495,0.8615148,0.4837664,0.06930644,-0.4789845,0.875083
979,0.9874648,0.1571538,0.01469436,-0.1438438,0.8576726,0.4936666,0.06497866,-0.4895921,0.869527
982,0.9887729,0.1485318,0.01632078,-0.1366601,0.8547173,0.5007817,0.06043235,-0.4973898,0.8654196
985,0.9897278,0.1418005,0.0182054,-0.1314218,0.8522846,0.5062996,0.05627736,-0.5034913,0.8621655
988,0.9904769,0.1363115,0.0193556,-0.1269518,0.8498309,0.5115375,0.05327947,-0.5091233,0.8590429
991,0.9911024,0.1315995,0.01995063,-0.1228854,0.8470897,0.517048,0.05114328,-0.514899,0.8557241
994,0.9916833,0.1271264,0.02007599,-0.1188102,0.8442889,0.5225518,0.04948018,-0.5205911,0.8523711
997,0.9922293,0.1228452,0.01974952,-0.1146622,0.8411749,0.5284671,0.04830682,-0.526625,0.8487241
1000,0.9926738,0.1192663,0.019347,-0.111134,0.8384364,0.5335481,0.0474131,-0.5317893,0.8455485
1003,0.9929949,0.1167018,0.01849748,-0.1082501,0.8357541,0.5383282,0.04736455,-0.5365595,0.8425324
1006,0.9931568,0.1154205,0.01781861,-0.1065418,0.8329243,0.5430339,0.04783571,-0.5412163,0.8395216
1009,0.993228,0.1149209,0.017069,-0.1054796,0.8303623,0.5471494,0.04870542,-0.5452445,0.8368608
1012,0.9933318,0.1141461,0.01619916,-0.1040907,0.8275342,0.5516812,0.04956691,-0.5496888,0.8338977
1015,0.9934822,0.1130077,0.01490446,-0.1020921,0.8240206,0.5572853,0.05069594,-0.5551748,0.8301871
1018,0.9936507,0.1117159,0.01333355,-0.09976666,0.8201236,0.5634217,0.05200798,-0.5611746,0.8260619
1023,0.9938149,0.1104225,0.01177293,-0.0974694,0.8165762,0.5689488,0.05321123,-0.5665774,0.8222885
1026,0.9939203,0.1095961,0.01052927,-0.09579788,0.8137029,0.5733326,0.05426735,-0.5708556,0.819255
1029,0.9940433,0.108569,0.00950697,-0.09411094,0.8111184,0.5772607,0.05496136,-0.5747169,0.8165044
1032,0.9943382,0.1059032,0.008730255,-0.0913495,0.8099313,0.5793676,0.05428595,-0.5768848,0.8150197
1035,0.9946661,0.1028247,0.008171226,-0.08847591,0.8097699,0.5800388,0.05302551,-0.5776678,0.814548
1038,0.9949083,0.1004541,0.008166798,-0.08655783,0.8101402,0.579811,0.05162814,-0.5775656,0.8147102
1041,0.9950811,0.09876928,0.007612568,-0.08487879,0.8104646,0.5796055,0.0510775,-0.5774007,0.8148615
1044,0.9953492,0.09609601,0.006764092,-0.08220106,0.8106172,0.5797783,0.05023129,-0.5776378,0.8147463
1047,0.9957746,0.09164533,0.005846433,-0.07804979,0.8110691,0.5797199,0.04838676,-0.5777266,0.8147949
1050,0.9962242,0.08669,0.004692452,-0.07336155,0.8116906,0.5794622,0.04642476,-0.5776185,0.8149856
1053,0.9965753,0.0826022,0.003829387,-0.06953619,0.8120768,0.5793929,0.04474936,-0.5776749,0.8150395
1056,0.9968556,0.07915896,0.00359527,-0.06656021,0.8118533,0.5800552,0.04299773,-0.5784705,0.8145692
1059,0.997111,0.07585627,0.003925255,-0.06402121,0.8114853,0.5808553,0.04087622,-0.5794285,0.8139974
1062,0.9973575,0.07253305,0.004100596,-0.06139714,0.8113713,0.5812977,0.03883619,-0.5800134,0.8136806
1065,0.9975483,0.0698791,0.003771026,-0.0590382,0.8114108,0.5814869,0.03757393,-0.580284,0.813547
1068,0.9976921,0.0677782,0.004084209,-0.05755391,0.8122098,0.5805194,0.03602932,-0.5794147,0.8142362
1072,0.9977798,0.06642015,0.004870617,-0.05696978,0.8133581,0.5789672,0.03449353,-0.5779592,0.8153362
1075,0.9978471,0.06536674,0.005330384,-0.05641615,0.8140791,0.5780073,0.0334431,-0.5770637,0.8160142
1078,0.9978905,0.06469261,0.005419447,-0.05593484,0.8144159,0.5775794,0.03295144,-0.5766642,0.8163165
1081,0.9979352,0.06389451,0.006518261,-0.05591454,0.8143713,0.5776441,0.0316,-0.5768159,0.8162626
1084,0.9978677,0.06485476,0.007336245,-0.05717217,0.8143266,0.5775841,0.03148498,-0.5767719,0.8162982
1087,0.9977255,0.06691255,0.008140718,-0.0592973,0.8138496,0.5780419,0.03205293,-0.5772099,0.8159664
1090,0.9975904,0.06881051,0.008859022,-0.06121628,0.8129313,0.5791332,0.03264868,-0.57828,0.8151848
1093,0.997439,0.07086302,0.009694074,-0.06332733,0.8119958,0.5802176,0.03324442,-0.5793455,0.8144038
1096,0.9972101,0.07386156,0.01078455,-0.06634371,0.8107982,0.5815536,0.03421037,-0.5806467,0.8134364
1099,0.9968853,0.07797782,0.01179688,-0.07021372,0.8094269,0.5830078,0.03591296,-0.5820202,0.8123809
1102,0.9965166,0.08246112,0.01243607,-0.07420135,0.8086977,0.5835256,0.03806115,-0.5824158,0.8119994
1105,0.9961936,0.08625127,0.01260936,-0.07739798,0.8086907,0.58312,0.04009777,-0.5818763,0.8122882
1108,0.9959342,0.08924829,0.01223499,-0.07966302,0.8091631,0.5821587,0.04205657,-0.5807665,0.812983
1111,0.9956787,0.0920665,0.01216321,-0.08204197,0.8106773,0.5797168,0.04351206,-0.5782095,0.8147274
1114,0.9955572,0.0933153,0.01255938,-0.0834654,0.8128929,0.5764013,0.04357763,-0.5748888,0.8170701
1117,0.9955431,0.09346309,0.01258607,-0.08379114,0.815381,0.5728287,0.0432759,-0.5713304,0.8195783
1122,0.9955243,0.09365302,0.01267052,-0.08420002,0.8180687,0.5689236,0.04291605,-0.5674441,0.8222929
1125,0.9954565,0.094409,0.01239135,-0.08483506,0.8202642,0.5656587,0.04323909,-0.5641398,0.8245464
1128,0.9953359,0.09576134,0.0116664,-0.08564722,0.821538,0.5636841,0.04439475,-0.5620543,0.8259081
1131,0.9951462,0.09785205,0.01042514,-0.08676076,0.8224548,0.5621747,0.04643575,-0.5603507,0.8269526
1134,0.9948772,0.1006877,0.009033154,-0.08840776,0.8232309,0.5607809,0.04902738,-0.5587066,0.8279152
1137,0.994594,0.1035711,0.007449639,-0.09000742,0.8241183,0.5592205,0.05177971,-0.5568679,0.8289854
1140,0.99442,0.105334,0.005788397,-0.09063032,0.8249505,0.5578913,0.05398976,-0.5553029,0.8298938
1143,0.9943813,0.1057898,0.003799675,-0.08998416,0.8258188,0.5567101,0.05575643,-0.553924,0.8306982
1146,0.9943566,0.1060721,0.001953469,-0.08927508,0.826664,0.5555689,0.05731549,-0.5526079,0.8314683
1149,0.9942546,0.1070402,0.0005961293,-0.0893853,0.8271754,0.5547894,0.05889166,-0.5516551,0.8319907
1152,0.994044,0.1089768,-0.0005739546,-0.0903842,0.8273687,0.5543388,0.06088497,-0.5509853,0.8322908
1155,0.993818,0.1110062,-0.001808934,-0.09138641,0.8272007,0.5544252,0.06304097,-0.5508325,0.8322315
1158,0.9936324,0.1126261,-0.003161049,-0.09197517,0.827008,0.5546154,0.06507839,-0.5507932,0.8321007
1161,0.993394,0.1146806,-0.004086256,-0.09319162,0.8270053,0.5544164,0.06696016,-0.5503731,0.8322294
1164,0.9931101,0.1170977,-0.004547909,-0.09500125,0.827218,0.5537918,0.06860983,-0.5495441,0.8326429
1167,0.9928502,0.1192692,-0.004815213,-0.09669875,0.8273045,0.5533683,0.06998345,-0.5489462,0.8329227
1171,0.9925979,0.1213394,-0.005139537,-0.09823729,0.8270577,0.5534665,0.07140799,-0.5488647,0.8328556
1174,0.9923199,0.1235888,-0.005217345,-0.1000612,0.8267807,0.5535536,0.07272664,-0.5487802,0.8327973
1177,0.9920126,0.1260441,-0.004928958,-0.1022764,0.8265942,0.5534275,0.07383049,-0.5485027,0.832883
1180,0.9916914,0.128569,-0.004256997,-0.1047853,0.8265514,0.5530214,0.07462006,-0.5479805,0.8331561
1183,0.9913946,0.1308529,-0.003792561,-0.1069133,0.8260563,0.5533539,0.07554082,-0.5481866,0.8329377
1186,0.9910871,0.1331804,-0.003083725,-0.1092417,0.825755,0.553349,0.07624164,-0.5480801,0.8329439
1189,0.9908254,0.1351321,-0.002178766,-0.1113744,0.8255476,0.5532334,0.07655825,-0.5479149,0.8330237
1192,0.9906066,0.1367356,-0.00137998,-0.1131585,0.8253798,0.5531215,0.07677043,-0.5477697,0.8330994
1195,0.9904041,0.1382004,-0.0005553179,-0.114838,0.8252017,0.5530409,0.0768887,-0.5476702,0.8331538
1198,0.9902065,0.1396096,0.0002568798,-0.1164586,0.8249863,0.5530234,0.07699548,-0.5476373,0.8331656
1201,0.990047,0.1407354,0.0007184519,-0.1176609,0.8248999,0.552898,0.07721967,-0.5474796,0.8332487
1204,0.9899703,0.141271,0.001237238,-0.1184226,0.8250186,0.5525582,0.07703972,-0.5471627,0.8334736
1207,0.989912,0.1416729,0.001737833,-0.1191073,0.8254717,0.5517336,0.07673116,-0.5463747,0.8340186
1210,0.9898739,0.1419345,0.002044904,-0.1195931,0.8261279,0.5506451,0.0764662,-0.5453138,0.8347369
1213,0.9898331,0.1422152,0.002288946,-0.1200641,0.826815,0.5495102,0.07625617,-0.5441982,0.8354838
1216,0.989788,0.1425221,0.002658807,-0.1206347,0.8275562,0.5482681,0.07594003,-0.54299,0.8362983
1221,0.9897549,0.1427472,0.002908156,-0.1210364,0.828068,0.5474062,0.07573257,-0.54215,0.836862
1224,0.9897765,0.1425951,0.002966842,-0.1209661,0.8282625,0.5471271,0.07556035,-0.5418926,0.8370441
1227,0.9897985,0.1424419,0.003043572,-0.1208857,0.8283196,0.5470587,0.07540304,-0.5418458,0.8370887
1230,0.9897317,0.1428958,0.003458175,-0.1214677,0.8280697,0.5473081,0.07534444,-0.5421082,0.8369241
1233,0.9896489,0.1434609,0.003752336,-0.1220373,0.8275267,0.5480024,0.07551177,-0.5427878,0.8364684
1236,0.989677,0.1432574,0.004097765,-0.1219644,0.8268732,0.549004,0.07526055,-0.5438364,0.8358096
1239,0.9896952,0.1431232,0.004418646,-0.1219191,0.8260829,0.5502027,0.07509661,-0.5450716,0.8350196
1242,0.989638,0.1434974,0.004995049,-0.1223989,0.8249225,0.5518345,0.07506626,-0.5467278,0.8339387
1245,0.9895403,0.1441451,0.005696512,-0.1231998,0.8238912,0.5531957,0.07504714,-0.5481111,0.8330321
